                                                                                                                    .         .
         .8.          8 8888888888   8 8888888888   8 8888         8 8888        8 8 8888888888    8 8888          ,8.       ,8.
        .888.         8 8888         8 8888         8 8888         8 8888        8 8 8888          8 8888         ,888.     ,888.
       :88888.        8 8888         8 8888         8 8888         8 8888        8 8 8888          8 8888        .`8888.   .`8888.
      . `88888.       8 8888         8 8888         8 8888         8 8888        8 8 8888          8 8888       ,8.`8888. ,8.`8888.
     .8. `88888.      8 888888888888 8 888888888888 8 8888         8 8888        8 8 888888888888  8 8888      ,8'8.`8888,8^8.`8888.
    .8`8. `88888.     8 8888         8 8888         8 8888         8 8888        8 8 8888          8 8888     ,8' `8.`8888' `8.`8888.
   .8' `8. `88888.    8 8888         8 8888         8 8888         8 8888888888888 8 8888          8 8888    ,8'   `8.`88'   `8.`8888.
  .8'   `8. `88888.   8 8888         8 8888         8 8888         8 8888        8 8 8888          8 8888   ,8'     `8.`'     `8.`8888.
 .888888888. `88888.  8 8888         8 8888         8 8888         8 8888        8 8 8888          8 8888  ,8'       `8        `8.`8888.
.8'       `8. `88888. 8 888888888888 8 8888         8 888888888888 8 8888        8 8 888888888888  8 8888 ,8'         `         `8.`8888.

aeflheim v0.0.1
